47 54 91 55 87 89 13 20 99 21 69 74 86 39 37 23 : 14-10, 1-10
5 80 82 15 50 31 83 15 11 87 27 47 85 2 72 99 : 14-12, 7-2, 10-15, 10-14, 2-5, 8-3
25 49 2 15 99 19 40 78 82 22 86 : 0-6, 7-9, 3-1, 0-1, 5-9, 0-8
90 93 33 2 68 26 4 35 59 88 46 71 90 71 37 51 7 19 : 1-17, 4-3, 9-15, 3-14, 4-1, 8-6, 13-10, 0-1
26 81 6 72 9 4 2 50 22 87 76 38 : 2-7, 9-5, 5-10, 10-3
97 75 39 70 64 97 10 80 82 33 18 70 94 64 44 81 100 94 17 3 : 6-13, 1-2, 8-6, 0-17, 2-13, 10-0, 2-17, 4-12
37 19 5 17 66 30 27 64 40 69 2 56 56 76 42 45 75 66 58 : 17-2, 10-14, 18-12, 0-10, 3-16
16 94 1 46 1 64 80 81 67 46 17 70 84 21 12 81 43 : 0-12, 16-6, 3-3, 14-3, 11-0
64 10 75 10 38 35 40 100 64 28 8 33 6 20 52 94 27 13 44 : 6-10
96 9 43 92 57 93 13 40 90 20 57 79 85 44 34 52 85 63 54 : 1-11
57 19 10 2 84 80 97 15 68 87 25 15 : 1-4, 7-9, 6-3
100 40 88 81 31 5 88 97 67 98 44 38 7 : 3-10, 8-10, 9-5
94 98 8 81 94 31 98 33 66 23 93 54 75 61 67 39 : 1-15
12 86 61 12 50 28 86 3 19 24 31 21 4 56 86 46 34 97 53 40 : 17-19, 11-4
13 58 68 89 79 28 2 24 61 85 59 25 83 88 53 40 : 2-0, 6-7, 3-6, 5-4
30 51 70 84 17 68 97 12 33 93 16 100 19 31 2 55 90 5 1 : 6-11, 17-5, 7-17, 3-2, 14-2, 0-8, 3-6, 17-10, 14-2
94 18 17 45 23 5 77 78 88 57 32 2 90 99 49 52 78 31 : 7-15, 12-5, 2-12, 1-10
43 16 91 23 99 32 7 44 1 99 24 6 91 : 12-3, 9-10, 7-2, 5-7, 2-9
17 98 47 9 87 22 2 87 70 74 71 86 43 : 5-9, 0-10, 5-8, 1-5, 11-2, 10-0
43 4 2 60 61 2 7 17 61 20 34 : 8-10, 4-7, 6-0, 6-9, 3-5
28 48 97 34 79 74 9 23 9 45 27 78 46 11 14 64 29 6 7 : 18-2, 1-15, 12-18, 16-0
29 6 33 7 33 25 69 23 33 94 64 27 81 62 27 98 26 76 : 7-17, 8-16, 6-7, 10-6
80 28 88 23 56 80 93 54 23 35 36 96 62 33 9 16 68 47 : 9-17, 2-9, 1-10, 11-6, 1-17
18 69 19 24 51 28 55 49 41 55 14 57 : 5-3, 3-4, 2-5, 1-10
63 15 48 46 45 51 88 76 57 53 : 3-7, 9-4, 4-6, 0-8, 0-9
11 75 36 32 69 17 13 6 100 91 34 16 69 29 3 9 38 : 5-14, 7-5, 12-1, 4-5, 5-11, 12-10, 14-15, 7-11
56 63 13 53 70 7 20 34 29 98 93 87 : 1-4, 5-0, 0-11, 11-0, 11-10
66 4 94 91 46 46 3 77 44 30 73 : 9-7, 8-2
68 77 78 24 97 10 99 63 73 60 66 94 47 : 1-0, 2-5
26 4 59 26 41 20 70 93 84 99 87 65 76 23 86 26 42 41 : 15-16, 16-3, 9-5
84 16 1 25 75 44 14 36 33 5 80 84 89 68 8 80 72 15 : 11-13, 15-16, 17-9
86 28 43 11 34 58 9 6 34 99 94 : 0-8
71 24 55 14 69 73 86 42 93 76 55 100 71 56 : 6-9, 2-5, 3-3, 6-1, 5-7, 13-7, 5-7, 5-13
1 20 53 19 53 99 29 95 76 10 73 28 : 9-4, 9-6, 8-9
90 64 52 30 43 99 47 35 88 95 77 48 9 87 7 55 87 : 2-11, 2-12, 5-10, 13-7, 9-0, 6-9
57 30 82 14 16 65 66 4 46 69 78 1 : 11-6, 10-8
89 43 3 67 39 97 19 88 2 4 49 50 67 : 9-8, 4-1, 0-7, 10-8
8 71 30 9 14 42 64 54 19 20 33 9 27 10 39 86 78 : 2-1
59 92 4 72 8 88 87 32 38 71 16 15 90 47 70 8 95 62 15 68 : 8-13, 2-14, 2-15, 7-15, 13-17, 12-17
69 47 3 24 36 83 52 15 28 17 86 : 1-5, 9-0, 0-0
92 98 50 64 73 60 32 59 99 44 64 87 59 90 91 82 48 : 11-14, 4-1, 16-10, 1-3
93 16 71 1 13 32 73 40 49 63 : 1-3
76 23 41 7 54 3 48 45 2 60 100 44 50 93 : 3-10, 4-12, 0-7, 5-0, 13-0, 8-4, 11-3, 4-1
40 55 96 7 87 29 15 75 29 87 : 0-7, 7-3, 0-0
22 15 52 61 25 96 6 46 78 55 69 22 : 10-5, 5-5
74 73 85 98 92 36 60 75 65 30 65 53 86 18 76 73 28 42 52 81 : 1-1, 16-13, 11-14, 8-4, 18-12, 12-8, 3-8, 19-14, 14-10, 11-0, 7-7
9 2 49 71 18 54 8 65 37 62 100 84 : 6-7, 9-8, 9-8, 2-7
63 96 88 9 96 94 43 27 17 55 : 0-0, 9-2
9 91 76 20 53 49 76 72 94 41 1 45 : 8-8
55 34 16 3 84 26 40 34 12 79 : 2-1, 8-6, 7-1, 4-9, 5-2
94 14 57 4 51 47 90 6 90 63 69 41 54 54 43 27 77 33 40 73 : 13-14, 1-15, 7-10
1 38 70 31 44 64 21 86 9 33 47 69 57 59 : 1-8, 11-11, 1-12, 8-3
67 64 68 56 35 35 61 98 46 78 45 77 67 89 28 : 10-13
13 22 33 92 79 38 44 5 55 27 81 73 68 75 68 38 68 10 19 43 : 3-6, 9-14, 5-12, 1-17, 13-17, 8-15
9 75 17 70 65 85 62 61 98 32 87 45 19 17 12 71 45 : 0-12, 12-10, 11-1, 15-6, 11-14, 15-13, 10-0, 3-15, 5-15
52 74 100 45 26 78 17 19 92 64 4 29 19 74 32 100 54 42 89 74 : 19-14
47 19 17 63 46 41 4 79 96 43 74 : 7-0, 0-2, 9-2, 0-3, 9-0, 10-7
6 32 95 73 78 82 7 13 18 22 16 76 91 74 18 58 19 73 : 15-3
99 6 78 29 37 1 50 7 58 29 17 81 33 84 89 31 61 54 75 70 : 10-16, 6-19, 13-6
11 88 57 71 44 2 4 36 99 79 72 : 10-6, 1-4, 7-2, 4-2, 5-2, 0-3
16 82 91 78 31 29 65 23 91 14 : 8-2, 6-0, 6-2, 4-4, 2-1, 4-7
74 46 6 79 12 93 60 87 41 35 : 8-0, 5-6, 4-3, 3-0
38 40 45 23 3 6 34 93 26 89 57 49 78 9 84 : 7-3, 0-0
59 91 84 14 14 77 79 79 21 61 69 : 2-1
50 56 27 51 84 78 57 33 61 88 93 46 54 77 16 57 : 4-0, 3-12, 14-5, 5-13, 8-12
99 95 75 68 76 11 81 87 46 33 32 15 63 81 63 14 26 80 67 66 : 19-3
25 51 8 76 5 66 84 64 68 21 2 77 88 8 1 81 71 28 : 6-5, 10-13, 15-12, 2-15, 15-16, 12-8, 5-9, 14-0
1 81 56 99 30 46 38 25 17 95 55 7 18 59 76 : 12-13, 11-7
6 97 90 59 77 60 13 50 77 71 : 1-2
89 48 27 25 16 25 5 35 34 10 : 9-2, 8-3
58 37 20 88 51 70 30 12 64 83 69 14 11 : 3-12, 3-0, 3-10, 5-0
10 73 59 65 15 85 36 40 53 50 100 25 : 3-1
75 68 31 97 47 22 5 54 91 45 89 14 87 34 : 8-9, 10-8, 7-5, 12-2, 2-3, 2-1, 11-10
91 28 54 66 80 48 39 95 99 90 2 82 12 2 27 39 : 11-5, 11-8, 12-5, 5-3, 14-10, 6-2, 11-4, 9-4
94 13 95 27 28 75 40 63 45 83 96 29 72 19 33 : 2-0, 0-9, 10-8, 14-9, 4-3
58 33 78 75 56 93 65 72 82 71 58 38 79 90 6 55 23 42 : 12-7, 16-11, 6-15, 3-14, 15-5
23 14 57 4 18 31 46 53 80 81 : 4-9, 7-7, 3-2, 8-3, 0-8, 6-6
64 20 21 88 2 50 55 97 31 15 : 5-5, 3-1
34 56 55 28 82 90 2 5 11 11 75 13 55 38 8 11 9 35 82 86 : 15-6, 1-3, 14-17, 9-2, 14-7, 15-17, 5-17, 1-19, 19-6, 14-1, 5-10
19 20 29 41 97 43 94 36 61 39 88 20 19 99 97 56 : 12-12, 4-11, 4-15, 3-1, 1-14
25 63 83 31 80 92 55 99 57 99 35 4 1 74 : 0-9, 12-2, 10-10, 5-13, 6-10, 11-12, 0-6, 11-9
62 76 74 98 63 43 32 15 4 9 28 84 13 : 11-0
31 82 84 17 67 24 95 97 53 100 80 76 : 3-3, 3-11, 11-7, 4-7, 1-11, 11-6, 2-3
60 43 72 41 73 66 4 64 44 22 84 30 47 96 46 17 42 34 : 0-12, 14-8, 10-14, 11-9, 7-11, 5-13
1 16 68 35 39 39 92 64 11 36 27 51 33 : 0-4, 1-8, 1-12, 3-7, 4-8, 1-1
96 19 36 85 41 21 64 83 53 43 33 69 69 70 47 12 45 24 : 17-10, 13-11, 15-12, 13-13
73 6 16 2 77 26 86 74 92 15 61 61 39 67 2 3 5 : 7-14, 5-8, 2-7, 1-0, 11-9, 9-8, 10-12, 13-1
56 84 39 82 21 29 58 73 64 74 17 : 2-3, 1-2, 9-4
71 71 3 13 10 59 11 66 31 56 15 37 100 63 57 3 69 94 : 6-0, 2-5, 12-17
42 45 23 44 20 25 61 44 21 32 41 49 25 3 17 85 28 40 : 15-3, 0-9, 13-7, 9-7, 15-6, 3-7, 0-5, 11-10, 15-7
28 87 40 62 91 81 76 33 10 6 77 : 4-6, 9-4, 3-5, 7-5
31 10 10 65 73 29 18 43 88 96 : 7-5, 8-5, 1-9, 3-7, 8-1, 2-3
80 69 19 27 77 9 4 32 62 89 97 77 46 4 : 6-3, 11-6, 8-0
46 55 45 58 96 63 10 17 13 88 27 56 59 92 89 19 89 : 0-12, 4-15, 6-12, 0-6, 12-11, 6-2, 10-12, 10-15, 1-13
51 22 3 96 52 37 93 33 77 76 40 48 77 99 29 56 56 85 : 4-12, 12-14, 7-10
73 51 61 72 6 2 61 40 73 21 11 71 92 46 81 95 : 15-3, 1-7, 9-11, 11-6, 9-2
59 40 26 58 38 10 49 39 40 27 22 : 1-5, 2-9, 6-4
11 50 65 14 16 58 57 37 16 92 11 68 22 : 8-10
46 22 8 27 79 72 10 93 100 50 55 22 62 39 34 18 100 2 46 63 : 0-2, 6-17, 4-0, 16-0, 17-8, 1-0, 14-16, 5-16, 9-18, 15-4
7 51 91 51 91 68 72 26 12 6 51 57 42 : 8-2, 4-12, 10-3, 12-0, 0-0, 11-2