-15.179 88.667 11.799 -88.976 2.096 -77.521 55.434 -94.626 11.175 -24.165 96.116
-64.451 13.842 63.167 100.723 99.744 21.990 66.485 95.399 -85.333 59.374
28.473 26.027 -40.452 82.542 66.169 -29.704 -37.775 -50.952 8.700 99.817 59.590 5.606 -100.244 77.904 84.769 -6.080
-76.161 8.959 -59.715 10.301 -12.666 99.393 -64.621 9.371 -16.160 81.074 -76.970 -60.582 72.254 60.820 82.907 13.897 -32.841 -0.879 21.842
-76.553 -51.861 17.315 35.635 33.519 54.536 -39.577 -76.586 -20.376 93.819 74.447 -34.892 1.034 75.240 34.217 58.741 36.977 -48.935 27.211 89.142
-0.534 18.467 63.788 -100.210 -11.654 36.119 -100.302 74.668 25.991 -41.227 58.232 32.961 -30.202 -95.175
-19.383 98.250 -57.128 18.892 -46.942 -91.198 13.577 58.719 71.272 16.330 -16.585 -41.735 32.635 -83.509 76.961
-26.882 77.152 -67.256 90.436 67.737 -7.086 -30.014 -69.050 40.924 -66.576 -29.700 -100.673 -13.324 -27.792
-49.456 93.697 -75.676 -59.267 84.836 -18.707 -39.124 78.118 0.780 -30.160 29.933 -33.074 82.241 -92.384 47.039 -74.484 -35.399
52.153 57.499 -52.717 -26.263 41.859 85.324 99.134 -71.103 -95.386 96.813 98.700 -97.651 89.978 -31.990
3.858 46.598 82.529 12.897 -4.160 39.616 18.025 29.132 20.395 -7.310 12.770
37.166 -55.893 91.380 28.584 54.851 -61.768 -4.501 35.351 -24.439 89.107 -100.664 55.775 -43.200 9.144 52.288 -59.982 -13.882 -69.919 -98.282
-60.095 -2.016 -47.405 75.741 -75.772 70.918 95.172 53.787 -66.999 29.151
100.961 -46.991 -100.695 -47.458 2.975 38.014 -54.687 39.143 11.624 -98.420 94.703 -67.833 -15.613 76.529 -20.880 -33.334 -91.027 -42.449
18.029 37.765 -3.999 -60.988 -46.585 69.150 88.572 45.105 31.857 -36.203 -71.824 5.431 -61.275 76.882
-76.447 -13.389 -58.147 -66.204 95.702 5.703 72.170 37.006 83.601 91.809 93.013 -90.059 -18.928 35.759 58.959 -7.807
-77.052 82.066 -13.418 -42.502 -17.640 -92.752 3.685 22.339 -81.453 -99.841 12.037
83.549 54.200 -88.334 -76.818 -20.237 -16.623 -11.902 -20.298 25.480 -56.133 -36.590 -89.639 -11.805 89.303 18.478 -42.187 -65.533 50.986 -85.814
92.025 40.880 41.413 68.382 -6.396 -68.798 6.970 46.157 -14.814 -52.500 68.627 21.331 -100.179 -41.108 55.140 79.426 71.301 8.830 98.851
-11.813 -56.143 48.546 34.870 -70.293 -48.737 95.896 -31.884 90.654 -66.553 44.414 86.416 77.128